-1.000000000000000000e+01
-9.979973297730307280e+00
-9.959946595460614560e+00
-9.939919893190921840e+00
-9.919893190921229120e+00
-9.899866488651534624e+00
-9.879839786381841904e+00
-9.859813084112149184e+00
-9.839786381842456464e+00
-9.819759679572763744e+00
-9.799732977303071024e+00
-9.779706275033378304e+00
-9.759679572763685584e+00
-9.739652870493991088e+00
-9.719626168224298368e+00
-9.699599465954605648e+00
-9.679572763684912928e+00
-9.659546061415220208e+00
-9.639519359145527488e+00
-9.619492656875834768e+00
-9.599465954606142049e+00
-9.579439252336449329e+00
-9.559412550066754832e+00
-9.539385847797062112e+00
-9.519359145527369392e+00
-9.499332443257676672e+00
-9.479305740987983953e+00
-9.459279038718291233e+00
-9.439252336448598513e+00
-9.419225634178905793e+00
-9.399198931909213073e+00
-9.379172229639518577e+00
-9.359145527369825857e+00
-9.339118825100133137e+00
-9.319092122830440417e+00
-9.299065420560747697e+00
-9.279038718291054977e+00
-9.259012016021362257e+00
-9.238985313751669537e+00
-9.218958611481976817e+00
-9.198931909212282321e+00
-9.178905206942589601e+00
-9.158878504672896881e+00
-9.138851802403204161e+00
-9.118825100133511441e+00
-9.098798397863818721e+00
-9.078771695594126001e+00
-9.058744993324433281e+00
-9.038718291054738785e+00
-9.018691588785046065e+00
-8.998664886515353345e+00
-8.978638184245660625e+00
-8.958611481975967905e+00
-8.938584779706275185e+00
-8.918558077436582465e+00
-8.898531375166889745e+00
-8.878504672897197025e+00
-8.858477970627502529e+00
-8.838451268357809809e+00
-8.818424566088117089e+00
-8.798397863818424369e+00
-8.778371161548731649e+00
-8.758344459279038929e+00
-8.738317757009346209e+00
-8.718291054739653489e+00
-8.698264352469958993e+00
-8.678237650200266273e+00
-8.658210947930573553e+00
-8.638184245660880833e+00
-8.618157543391188113e+00
-8.598130841121495394e+00
-8.578104138851802674e+00
-8.558077436582109954e+00
-8.538050734312417234e+00
-8.518024032042724514e+00
-8.497997329773030017e+00
-8.477970627503337298e+00
-8.457943925233644578e+00
-8.437917222963951858e+00
-8.417890520694259138e+00
-8.397863818424566418e+00
-8.377837116154873698e+00
-8.357810413885179202e+00
-8.337783711615486482e+00
-8.317757009345793762e+00
-8.297730307076101042e+00
-8.277703604806408322e+00
-8.257676902536715602e+00
-8.237650200267022882e+00
-8.217623497997330162e+00
-8.197596795727637442e+00
-8.177570093457944722e+00
-8.157543391188250226e+00
-8.137516688918557506e+00
-8.117489986648864786e+00
-8.097463284379172066e+00
-8.077436582109479346e+00
-8.057409879839786626e+00
-8.037383177570093906e+00
-8.017356475300401186e+00
-7.997329773030707578e+00
-7.977303070761013970e+00
-7.957276368491321250e+00
-7.937249666221628530e+00
-7.917222963951935810e+00
-7.897196261682243090e+00
-7.877169559412550370e+00
-7.857142857142857650e+00
-7.837116154873164042e+00
-7.817089452603471322e+00
-7.797062750333777714e+00
-7.777036048064084994e+00
-7.757009345794392274e+00
-7.736982643524699554e+00
-7.716955941255006834e+00
-7.696929238985314115e+00
-7.676902536715621395e+00
-7.656875834445927786e+00
-7.636849132176235067e+00
-7.616822429906541458e+00
-7.596795727636848738e+00
-7.576769025367156019e+00
-7.556742323097463299e+00
-7.536715620827770579e+00
-7.516688918558077859e+00
-7.496662216288384251e+00
-7.476635514018691531e+00
-7.456608811748997923e+00
-7.436582109479305203e+00
-7.416555407209612483e+00
-7.396528704939919763e+00
-7.376502002670227043e+00
-7.356475300400534323e+00
-7.336448598130841603e+00
-7.316421895861147995e+00
-7.296395193591455275e+00
-7.276368491321761667e+00
-7.256341789052068947e+00
-7.236315086782376227e+00
-7.216288384512683507e+00
-7.196261682242990787e+00
-7.176234979973298067e+00
-7.156208277703605347e+00
-7.136181575433911739e+00
-7.116154873164219019e+00
-7.096128170894525411e+00
-7.076101468624832691e+00
-7.056074766355139971e+00
-7.036048064085447251e+00
-7.016021361815754531e+00
-6.995994659546061811e+00
-6.975967957276368203e+00
-6.955941255006675483e+00
-6.935914552736981875e+00
-6.915887850467289155e+00
-6.895861148197596435e+00
-6.875834445927903715e+00
-6.855807743658210995e+00
-6.835781041388518275e+00
-6.815754339118825555e+00
-6.795727636849131947e+00
-6.775700934579439227e+00
-6.755674232309745619e+00
-6.735647530040052899e+00
-6.715620827770360179e+00
-6.695594125500667460e+00
-6.675567423230974740e+00
-6.655540720961282020e+00
-6.635514018691589300e+00
-6.615487316421895692e+00
-6.595460614152202972e+00
-6.575433911882509364e+00
-6.555407209612816644e+00
-6.535380507343123924e+00
-6.515353805073431204e+00
-6.495327102803738484e+00
-6.475300400534045764e+00
-6.455273698264352156e+00
-6.435246995994659436e+00
-6.415220293724965828e+00
-6.395193591455273108e+00
-6.375166889185580388e+00
-6.355140186915887668e+00
-6.335113484646194948e+00
-6.315086782376502228e+00
-6.295060080106809508e+00
-6.275033377837115900e+00
-6.255006675567423180e+00
-6.234979973297729572e+00
-6.214953271028036852e+00
-6.194926568758344132e+00
-6.174899866488651412e+00
-6.154873164218958692e+00
-6.134846461949265972e+00
-6.114819759679573252e+00
-6.094793057409879644e+00
-6.074766355140186924e+00
-6.054739652870493316e+00
-6.034712950600800596e+00
-6.014686248331107876e+00
-5.994659546061415156e+00
-5.974632843791722436e+00
-5.954606141522028828e+00
-5.934579439252336108e+00
-5.914552736982643388e+00
-5.894526034712950668e+00
-5.874499332443257948e+00
-5.854472630173564340e+00
-5.834445927903871620e+00
-5.814419225634178900e+00
-5.794392523364486181e+00
-5.774365821094792572e+00
-5.754339118825099852e+00
-5.734312416555407133e+00
-5.714285714285714413e+00
-5.694259012016020804e+00
-5.674232309746328085e+00
-5.654205607476635365e+00
-5.634178905206942645e+00
-5.614152202937249925e+00
-5.594125500667556317e+00
-5.574098798397863597e+00
-5.554072096128170877e+00
-5.534045393858478157e+00
-5.514018691588784549e+00
-5.493991989319091829e+00
-5.473965287049399109e+00
-5.453938584779706389e+00
-5.433911882510012781e+00
-5.413885180240320061e+00
-5.393858477970627341e+00
-5.373831775700934621e+00
-5.353805073431241901e+00
-5.333778371161548293e+00
-5.313751668891855573e+00
-5.293724966622162853e+00
-5.273698264352470133e+00
-5.253671562082776525e+00
-5.233644859813083805e+00
-5.213618157543391085e+00
-5.193591455273698365e+00
-5.173564753004004757e+00
-5.153538050734312037e+00
-5.133511348464619317e+00
-5.113484646194926597e+00
-5.093457943925233877e+00
-5.073431241655540269e+00
-5.053404539385847549e+00
-5.033377837116154829e+00
-5.013351134846462109e+00
-4.993324432576768501e+00
-4.973297730307075781e+00
-4.953271028037383061e+00
-4.933244325767690341e+00
-4.913217623497996733e+00
-4.893190921228304013e+00
-4.873164218958611293e+00
-4.853137516688918573e+00
-4.833110814419225854e+00
-4.813084112149532245e+00
-4.793057409879839526e+00
-4.773030707610146806e+00
-4.753004005340454086e+00
-4.732977303070760478e+00
-4.712950600801067758e+00
-4.692923898531375038e+00
-4.672897196261682318e+00
-4.652870493991988710e+00
-4.632843791722295990e+00
-4.612817089452603270e+00
-4.592790387182910550e+00
-4.572763684913217830e+00
-4.552736982643524222e+00
-4.532710280373831502e+00
-4.512683578104138782e+00
-4.492656875834446062e+00
-4.472630173564752454e+00
-4.452603471295059734e+00
-4.432576769025367014e+00
-4.412550066755674294e+00
-4.392523364485980686e+00
-4.372496662216287966e+00
-4.352469959946595246e+00
-4.332443257676902526e+00
-4.312416555407209806e+00
-4.292389853137516198e+00
-4.272363150867823478e+00
-4.252336448598130758e+00
-4.232309746328438038e+00
-4.212283044058744430e+00
-4.192256341789051710e+00
-4.172229639519358990e+00
-4.152202937249666270e+00
-4.132176234979972662e+00
-4.112149532710279942e+00
-4.092122830440587222e+00
-4.072096128170894502e+00
-4.052069425901201782e+00
-4.032042723631508174e+00
-4.012016021361815454e+00
-3.991989319092122734e+00
-3.971962616822430014e+00
-3.951935914552736406e+00
-3.931909212283043686e+00
-3.911882510013350966e+00
-3.891855807743658247e+00
-3.871829105473964638e+00
-3.851802403204271918e+00
-3.831775700934579199e+00
-3.811748998664886479e+00
-3.791722296395193759e+00
-3.771695594125500151e+00
-3.751668891855807431e+00
-3.731642189586114711e+00
-3.711615487316421991e+00
-3.691588785046728383e+00
-3.671562082777035663e+00
-3.651535380507342943e+00
-3.631508678237650223e+00
-3.611481975967956615e+00
-3.591455273698263895e+00
-3.571428571428571175e+00
-3.551401869158878455e+00
-3.531375166889185735e+00
-3.511348464619492127e+00
-3.491321762349799407e+00
-3.471295060080106687e+00
-3.451268357810413967e+00
-3.431241655540720359e+00
-3.411214953271027639e+00
-3.391188251001334919e+00
-3.371161548731642199e+00
-3.351134846461948591e+00
-3.331108144192255871e+00
-3.311081441922563151e+00
-3.291054739652870431e+00
-3.271028037383177711e+00
-3.251001335113484103e+00
-3.230974632843791383e+00
-3.210947930574098663e+00
-3.190921228304405943e+00
-3.170894526034712335e+00
-3.150867823765019615e+00
-3.130841121495326895e+00
-3.110814419225634175e+00
-3.090787716955940567e+00
-3.070761014686247847e+00
-3.050734312416555127e+00
-3.030707610146862407e+00
-3.010680907877169687e+00
-2.990654205607476079e+00
-2.970627503337783359e+00
-2.950600801068090639e+00
-2.930574098798397920e+00
-2.910547396528704311e+00
-2.890520694259011591e+00
-2.870493991989318872e+00
-2.850467289719626152e+00
-2.830440587449932544e+00
-2.810413885180239824e+00
-2.790387182910547104e+00
-2.770360480640854384e+00
-2.750333778371161664e+00
-2.730307076101468056e+00
-2.710280373831775336e+00
-2.690253671562082616e+00
-2.670226969292389896e+00
-2.650200267022696288e+00
-2.630173564753003568e+00
-2.610146862483310848e+00
-2.590120160213618128e+00
-2.570093457943924520e+00
-2.550066755674231800e+00
-2.530040053404539080e+00
-2.510013351134846360e+00
-2.489986648865153640e+00
-2.469959946595460032e+00
-2.449933244325767312e+00
-2.429906542056074592e+00
-2.409879839786381872e+00
-2.389853137516688264e+00
-2.369826435246995544e+00
-2.349799732977302824e+00
-2.329773030707610104e+00
-2.309746328437917384e+00
-2.289719626168223776e+00
-2.269692923898531056e+00
-2.249666221628838336e+00
-2.229639519359145616e+00
-2.209612817089452008e+00
-2.189586114819759288e+00
-2.169559412550066568e+00
-2.149532710280373848e+00
-2.129506008010680240e+00
-2.109479305740987520e+00
-2.089452603471294800e+00
-2.069425901201602080e+00
-2.049399198931909361e+00
-2.029372496662215752e+00
-2.009345794392523032e+00
-1.989319092122830313e+00
-1.969292389853137593e+00
-1.949265687583444873e+00
-1.929238985313752153e+00
-1.909212283044057656e+00
-1.889185580774364936e+00
-1.869158878504672217e+00
-1.849132176234979497e+00
-1.829105473965286777e+00
-1.809078771695594057e+00
-1.789052069425901337e+00
-1.769025367156208617e+00
-1.748998664886515897e+00
-1.728971962616821401e+00
-1.708945260347128681e+00
-1.688918558077435961e+00
-1.668891855807743241e+00
-1.648865153538050521e+00
-1.628838451268357801e+00
-1.608811748998665081e+00
-1.588785046728972361e+00
-1.568758344459277865e+00
-1.548731642189585145e+00
-1.528704939919892425e+00
-1.508678237650199705e+00
-1.488651535380506985e+00
-1.468624833110814265e+00
-1.448598130841121545e+00
-1.428571428571428825e+00
-1.408544726301736105e+00
-1.388518024032041609e+00
-1.368491321762348889e+00
-1.348464619492656169e+00
-1.328437917222963449e+00
-1.308411214953270729e+00
-1.288384512683578009e+00
-1.268357810413885289e+00
-1.248331108144192569e+00
-1.228304405874499849e+00
-1.208277703604805353e+00
-1.188251001335112633e+00
-1.168224299065419913e+00
-1.148197596795727193e+00
-1.128170894526034473e+00
-1.108144192256341753e+00
-1.088117489986649034e+00
-1.068090787716956314e+00
-1.048064085447261817e+00
-1.028037383177569097e+00
-1.008010680907876377e+00
-9.879839786381836575e-01
-9.679572763684909376e-01
-9.479305740987982176e-01
-9.279038718291054977e-01
-9.078771695594127777e-01
-8.878504672897200578e-01
-8.678237650200255615e-01
-8.477970627503328416e-01
-8.277703604806401216e-01
-8.077436582109474017e-01
-7.877169559412546818e-01
-7.676902536715619618e-01
-7.476635514018692419e-01
-7.276368491321765219e-01
-7.076101468624838020e-01
-6.875834445927893057e-01
-6.675567423230965858e-01
-6.475300400534038658e-01
-6.275033377837111459e-01
-6.074766355140184260e-01
-5.874499332443257060e-01
-5.674232309746329861e-01
-5.473965287049402662e-01
-5.273698264352457699e-01
-5.073431241655530499e-01
-4.873164218958603300e-01
-4.672897196261676100e-01
-4.472630173564748901e-01
-4.272363150867821702e-01
-4.072096128170894502e-01
-3.871829105473967303e-01
-3.671562082777040104e-01
-3.471295060080095141e-01
-3.271028037383167941e-01
-3.070761014686240742e-01
-2.870493991989313542e-01
-2.670226969292386343e-01
-2.469959946595459144e-01
-2.269692923898531944e-01
-2.069425901201604745e-01
-1.869158878504677546e-01
-1.668891855807732583e-01
-1.468624833110805383e-01
-1.268357810413878184e-01
-1.068090787716950985e-01
-8.678237650200237852e-02
-6.675567423230965858e-02
-4.672897196261693864e-02
-2.670226969292421870e-02
-6.675567423229722408e-03
1.335113484646299753e-02
3.337783711615571747e-02
5.340453938584843741e-02
7.343124165554115734e-02
9.345794392523387728e-02
1.134846461949265972e-01
1.335113484646193172e-01
1.535380507343120371e-01
1.735647530040065334e-01
1.935914552736992533e-01
2.136181575433919733e-01
2.336448598130846932e-01
2.536715620827774131e-01
2.736982643524701331e-01
2.937249666221628530e-01
3.137516688918555730e-01
3.337783711615482929e-01
3.538050734312427892e-01
3.738317757009355091e-01
3.938584779706282291e-01
4.138851802403209490e-01
4.339118825100136689e-01
4.539385847797063889e-01
4.739652870493991088e-01
4.939919893190918287e-01
5.140186915887845487e-01
5.340453938584790450e-01
5.540720961281717649e-01
5.740987983978644849e-01
5.941255006675572048e-01
6.141522029372499247e-01
6.341789052069426447e-01
6.542056074766353646e-01
6.742323097463280845e-01
6.942590120160225808e-01
7.142857142857153008e-01
7.343124165554080207e-01
7.543391188251007407e-01
7.743658210947934606e-01
7.943925233644861805e-01
8.144192256341789005e-01
8.344459279038716204e-01
8.544726301735643403e-01
8.744993324432588366e-01
8.945260347129515566e-01
9.145527369826442765e-01
9.345794392523369964e-01
9.546061415220297164e-01
9.746328437917224363e-01
9.946595460614151563e-01
1.014686248331107876e+00
1.034712950600800596e+00
1.054739652870495092e+00
1.074766355140187812e+00
1.094793057409880532e+00
1.114819759679573252e+00
1.134846461949265972e+00
1.154873164218958692e+00
1.174899866488651412e+00
1.194926568758344132e+00
1.214953271028038628e+00
1.234979973297731348e+00
1.255006675567424068e+00
1.275033377837116788e+00
1.295060080106809508e+00
1.315086782376502228e+00
1.335113484646194948e+00
1.355140186915887668e+00
1.375166889185580388e+00
1.395193591455274884e+00
1.415220293724967604e+00
1.435246995994660324e+00
1.455273698264353044e+00
1.475300400534045764e+00
1.495327102803738484e+00
1.515353805073431204e+00
1.535380507343123924e+00
1.555407209612816644e+00
1.575433911882511140e+00
1.595460614152203860e+00
1.615487316421896580e+00
1.635514018691589300e+00
1.655540720961282020e+00
1.675567423230974740e+00
1.695594125500667460e+00
1.715620827770360179e+00
1.735647530040054676e+00
1.755674232309747396e+00
1.775700934579440116e+00
1.795727636849132836e+00
1.815754339118825555e+00
1.835781041388518275e+00
1.855807743658210995e+00
1.875834445927903715e+00
1.895861148197596435e+00
1.915887850467290932e+00
1.935914552736983651e+00
1.955941255006676371e+00
1.975967957276369091e+00
1.995994659546061811e+00
2.016021361815754531e+00
2.036048064085447251e+00
2.056074766355139971e+00
2.076101468624832691e+00
2.096128170894527187e+00
2.116154873164219907e+00
2.136181575433912627e+00
2.156208277703605347e+00
2.176234979973298067e+00
2.196261682242990787e+00
2.216288384512683507e+00
2.236315086782376227e+00
2.256341789052070723e+00
2.276368491321763443e+00
2.296395193591456163e+00
2.316421895861148883e+00
2.336448598130841603e+00
2.356475300400534323e+00
2.376502002670227043e+00
2.396528704939919763e+00
2.416555407209612483e+00
2.436582109479306979e+00
2.456608811748999699e+00
2.476635514018692419e+00
2.496662216288385139e+00
2.516688918558077859e+00
2.536715620827770579e+00
2.556742323097463299e+00
2.576769025367156019e+00
2.596795727636848738e+00
2.616822429906543235e+00
2.636849132176235955e+00
2.656875834445928675e+00
2.676902536715621395e+00
2.696929238985314115e+00
2.716955941255006834e+00
2.736982643524699554e+00
2.757009345794392274e+00
2.777036048064086771e+00
2.797062750333779491e+00
2.817089452603472211e+00
2.837116154873164930e+00
2.857142857142857650e+00
2.877169559412550370e+00
2.897196261682243090e+00
2.917222963951935810e+00
2.937249666221628530e+00
2.957276368491323026e+00
2.977303070761015746e+00
2.997329773030708466e+00
3.017356475300401186e+00
3.037383177570093906e+00
3.057409879839786626e+00
3.077436582109479346e+00
3.097463284379172066e+00
3.117489986648864786e+00
3.137516688918559282e+00
3.157543391188252002e+00
3.177570093457944722e+00
3.197596795727637442e+00
3.217623497997330162e+00
3.237650200267022882e+00
3.257676902536715602e+00
3.277703604806408322e+00
3.297730307076102818e+00
3.317757009345795538e+00
3.337783711615488258e+00
3.357810413885180978e+00
3.377837116154873698e+00
3.397863818424566418e+00
3.417890520694259138e+00
3.437917222963951858e+00
3.457943925233644578e+00
3.477970627503339074e+00
3.497997329773031794e+00
3.518024032042724514e+00
3.538050734312417234e+00
3.558077436582109954e+00
3.578104138851802674e+00
3.598130841121495394e+00
3.618157543391188113e+00
3.638184245660880833e+00
3.658210947930575330e+00
3.678237650200268050e+00
3.698264352469960770e+00
3.718291054739653489e+00
3.738317757009346209e+00
3.758344459279038929e+00
3.778371161548731649e+00
3.798397863818424369e+00
3.818424566088118866e+00
3.838451268357811585e+00
3.858477970627504305e+00
3.878504672897197025e+00
3.898531375166889745e+00
3.918558077436582465e+00
3.938584779706275185e+00
3.958611481975967905e+00
3.978638184245660625e+00
3.998664886515355121e+00
4.018691588785047841e+00
4.038718291054740561e+00
4.058744993324433281e+00
4.078771695594126001e+00
4.098798397863818721e+00
4.118825100133511441e+00
4.138851802403204161e+00
4.158878504672896881e+00
4.178905206942591377e+00
4.198931909212284097e+00
4.218958611481976817e+00
4.238985313751669537e+00
4.259012016021362257e+00
4.279038718291054977e+00
4.299065420560747697e+00
4.319092122830440417e+00
4.339118825100134913e+00
4.359145527369827633e+00
4.379172229639520353e+00
4.399198931909213073e+00
4.419225634178905793e+00
4.439252336448598513e+00
4.459279038718291233e+00
4.479305740987983953e+00
4.499332443257676672e+00
4.519359145527371169e+00
4.539385847797063889e+00
4.559412550066756609e+00
4.579439252336449329e+00
4.599465954606142049e+00
4.619492656875834768e+00
4.639519359145527488e+00
4.659546061415220208e+00
4.679572763684912928e+00
4.699599465954607425e+00
4.719626168224300145e+00
4.739652870493992864e+00
4.759679572763685584e+00
4.779706275033378304e+00
4.799732977303071024e+00
4.819759679572763744e+00
4.839786381842456464e+00
4.859813084112150960e+00
4.879839786381843680e+00
4.899866488651536400e+00
4.919893190921229120e+00
4.939919893190921840e+00
4.959946595460614560e+00
4.979973297730307280e+00
5.000000000000000000e+00
