0.000000000000000000e+00 0.000000000000000000e+00 2.000000029802322388e-01
0.000000000000000000e+00 0.000000000000000000e+00 2.142857164144515991e-01
0.000000000000000000e+00 0.000000000000000000e+00 2.285714298486709595e-01
0.000000000000000000e+00 0.000000000000000000e+00 2.428571432828903198e-01
0.000000000000000000e+00 0.000000000000000000e+00 2.571428716182708740e-01
0.000000000000000000e+00 0.000000000000000000e+00 2.714285850524902344e-01
0.000000000000000000e+00 0.000000000000000000e+00 2.857142984867095947e-01
0.000000000000000000e+00 0.000000000000000000e+00 3.000000119209289551e-01
0.000000000000000000e+00 0.000000000000000000e+00 3.142857253551483154e-01
0.000000000000000000e+00 0.000000000000000000e+00 3.285714387893676758e-01
0.000000000000000000e+00 0.000000000000000000e+00 3.428571522235870361e-01
0.000000000000000000e+00 0.000000000000000000e+00 3.571428656578063965e-01
0.000000000000000000e+00 0.000000000000000000e+00 3.714285790920257568e-01
0.000000000000000000e+00 0.000000000000000000e+00 3.857142925262451172e-01
0.000000000000000000e+00 0.000000000000000000e+00 4.000000059604644775e-01
5.358114372938871384e-03 6.815644912421703339e-03 4.082915484905242920e-01
1.071622874587774277e-02 1.363128982484340668e-02 4.165830612182617188e-01
1.607434265315532684e-02 2.044693380594253540e-02 4.248746037483215332e-01
2.143245749175548553e-02 2.726257964968681335e-02 4.331661164760589600e-01
2.679057233035564423e-02 3.407822549343109131e-02 4.414576590061187744e-01
3.214868530631065369e-02 4.089386761188507080e-02 4.497492015361785889e-01
3.750680014491081238e-02 4.770951345562934875e-02 4.580407142639160156e-01
4.286491498351097107e-02 5.452515929937362671e-02 4.663322567939758301e-01
4.822302982211112976e-02 6.134080514311790466e-02 4.746237695217132568e-01
5.358114466071128845e-02 6.815645098686218262e-02 4.829153120517730713e-01
5.893925577402114868e-02 7.497209310531616211e-02 4.912068545818328857e-01
6.429737061262130737e-02 8.178773522377014160e-02 4.994983673095703125e-01
6.965548545122146606e-02 8.860338479280471802e-02 5.077899098396301270e-01
7.501360028982162476e-02 9.541902691125869751e-02 5.160814523696899414e-01
8.037171512842178345e-02 1.022346764802932739e-01 5.243729352951049805e-01
8.572982996702194214e-02 1.090503185987472534e-01 5.326644778251647949e-01
9.108794480562210083e-02 1.158659607172012329e-01 5.409560203552246094e-01
9.644605964422225952e-02 1.226816102862358093e-01 5.492475628852844238e-01
1.018041744828224182e-01 1.294972598552703857e-01 5.575391054153442383e-01
1.071622893214225769e-01 1.363129019737243652e-01 5.658305883407592773e-01
1.125203967094421387e-01 1.431285440921783447e-01 5.741221308708190918e-01
1.178785115480422974e-01 1.499441862106323242e-01 5.824136734008789062e-01
1.232366263866424561e-01 1.567598283290863037e-01 5.907052159309387207e-01
1.285947412252426147e-01 1.635754704475402832e-01 5.989967584609985352e-01
1.339528560638427734e-01 1.703911274671554565e-01 6.072882413864135742e-01
1.393109709024429321e-01 1.772067695856094360e-01 6.155797839164733887e-01
1.446690857410430908e-01 1.840224117040634155e-01 6.238713264465332031e-01
1.629750728607177734e-01 2.090288400650024414e-01 6.366710662841796875e-01
1.812810748815536499e-01 2.340352684259414673e-01 6.494708061218261719e-01
1.995870769023895264e-01 2.590416967868804932e-01 6.622705459594726562e-01
2.178930640220642090e-01 2.840481400489807129e-01 6.750702857971191406e-01
2.361990511417388916e-01 3.090545535087585449e-01 6.878700256347656250e-01
2.545050382614135742e-01 3.340609967708587646e-01 7.006697654724121094e-01
2.728110551834106445e-01 3.590674400329589844e-01 7.134695053100585938e-01
2.911170423030853271e-01 3.840738534927368164e-01 7.262693047523498535e-01
3.094230294227600098e-01 4.090802967548370361e-01 7.390690445899963379e-01
3.277290463447570801e-01 4.340867102146148682e-01 7.518687844276428223e-01
3.460350334644317627e-01 4.590931534767150879e-01 7.646685242652893066e-01
3.643410205841064453e-01 4.840995967388153076e-01 7.774682641029357910e-01
3.826470077037811279e-01 5.091060400009155273e-01 7.902680039405822754e-01
4.009529948234558105e-01 5.341124534606933594e-01 8.030677437782287598e-01
4.192590117454528809e-01 5.591188669204711914e-01 8.158674836158752441e-01
4.375649988651275635e-01 5.841252803802490234e-01 8.286672234535217285e-01
4.558709859848022461e-01 6.091317534446716309e-01 8.414669632911682129e-01
4.741770029067993164e-01 6.341381669044494629e-01 8.542667031288146973e-01
4.924829900264739990e-01 6.591445803642272949e-01 8.670664429664611816e-01
5.107889771461486816e-01 6.841510534286499023e-01 8.798661828041076660e-01
5.290949940681457520e-01 7.091574668884277344e-01 8.926659822463989258e-01
5.474009513854980469e-01 7.341638803482055664e-01 9.054657220840454102e-01
5.657069683074951172e-01 7.591703534126281738e-01 9.182654619216918945e-01
5.840129852294921875e-01 7.841767668724060059e-01 9.310652017593383789e-01
6.023189425468444824e-01 8.091831803321838379e-01 9.438649415969848633e-01
6.206249594688415527e-01 8.341895937919616699e-01 9.566646814346313477e-01
6.389309167861938477e-01 8.591960668563842773e-01 9.694644212722778320e-01
6.572369337081909180e-01 8.842024803161621094e-01 9.822641611099243164e-01
6.184179186820983887e-01 8.690342307090759277e-01 9.690510630607604980e-01
5.795989036560058594e-01 8.538659811019897461e-01 9.558379650115966797e-01
5.407798290252685547e-01 8.386976718902587891e-01 9.426248669624328613e-01
5.019608139991760254e-01 8.235294222831726074e-01 9.294117689132690430e-01
5.159664154052734375e-01 7.915966510772705078e-01 7.966386675834655762e-01
5.299720168113708496e-01 7.596638798713684082e-01 6.638655662536621094e-01
5.439776182174682617e-01 7.277311086654663086e-01 5.310924649238586426e-01
5.579832196235656738e-01 6.957983374595642090e-01 3.983193337917327881e-01
5.719888210296630859e-01 6.638655662536621094e-01 2.655462324619293213e-01
5.859944224357604980e-01 6.319327950477600098e-01 1.327731162309646606e-01
6.000000238418579102e-01 6.000000238418579102e-01 0.000000000000000000e+00
6.435108184814453125e-01 6.467579603195190430e-01 4.287416115403175354e-02
6.870216131210327148e-01 6.935158967971801758e-01 8.574832230806350708e-02
7.305324077606201172e-01 7.402738332748413086e-01 1.286224871873855591e-01
7.740432024002075195e-01 7.870317697525024414e-01 1.714966446161270142e-01
8.175539374351501465e-01 8.337897658348083496e-01 2.143708020448684692e-01
8.610647320747375488e-01 8.805477023124694824e-01 2.572449743747711182e-01
9.045755267143249512e-01 9.273056387901306152e-01 3.001191318035125732e-01
9.480863213539123535e-01 9.740635752677917480e-01 3.429932892322540283e-01
9.511400461196899414e-01 9.638245701789855957e-01 3.463466167449951172e-01
9.541938304901123047e-01 9.535855054855346680e-01 3.496999740600585938e-01
9.572475552558898926e-01 9.433465003967285156e-01 3.530533015727996826e-01
9.603012800216674805e-01 9.331074357032775879e-01 3.564066290855407715e-01
9.633550643920898438e-01 9.228684306144714355e-01 3.597599565982818604e-01
9.664087891578674316e-01 9.126293659210205078e-01 3.631133139133453369e-01
9.694625139236450195e-01 9.023903608322143555e-01 3.664666414260864258e-01
9.725162982940673828e-01 8.921512961387634277e-01 3.698199689388275146e-01
9.755700230598449707e-01 8.819122910499572754e-01 3.731733262538909912e-01
9.786238074302673340e-01 8.716732263565063477e-01 3.765266537666320801e-01
9.816775321960449219e-01 8.614342212677001953e-01 3.798799812793731689e-01
9.847312569618225098e-01 8.511951565742492676e-01 3.832333385944366455e-01
9.877850413322448730e-01 8.409561514854431152e-01 3.865866661071777344e-01
9.908387660980224609e-01 8.307170867919921875e-01 3.899399936199188232e-01
9.938924908638000488e-01 8.204780817031860352e-01 3.932933211326599121e-01
9.969462752342224121e-01 8.102390170097351074e-01 3.966466784477233887e-01
1.000000000000000000e+00 8.000000119209289551e-01 4.000000059604644775e-01
9.941176176071166992e-01 7.859179973602294922e-01 3.818181753158569336e-01
9.882352948188781738e-01 7.718360424041748047e-01 3.636363744735717773e-01
9.823529720306396484e-01 7.577540278434753418e-01 3.454545438289642334e-01
9.764705896377563477e-01 7.436720132827758789e-01 3.272727429866790771e-01
9.705882072448730469e-01 7.295899987220764160e-01 3.090909123420715332e-01
9.647058844566345215e-01 7.155080437660217285e-01 2.909090816974639893e-01
9.588235616683959961e-01 7.014260292053222656e-01 2.727272808551788330e-01
9.529411792755126953e-01 6.873440146446228027e-01 2.545454502105712891e-01
9.470587968826293945e-01 6.732620596885681152e-01 2.363636344671249390e-01
9.411764740943908691e-01 6.591800451278686523e-01 2.181818187236785889e-01
9.352941513061523438e-01 6.450980305671691895e-01 2.000000029802322388e-01
9.294117689132690430e-01 6.310160756111145020e-01 1.818181872367858887e-01
9.235293865203857422e-01 6.169340610504150391e-01 1.636363714933395386e-01
9.176470637321472168e-01 6.028520464897155762e-01 1.454545408487319946e-01
9.117647409439086914e-01 5.887700319290161133e-01 1.272727251052856445e-01
9.058823585510253906e-01 5.746880769729614258e-01 1.090909093618392944e-01
8.999999761581420898e-01 5.606060624122619629e-01 9.090909361839294434e-02
8.941176533699035645e-01 5.465240478515625000e-01 7.272727042436599731e-02
8.882353305816650391e-01 5.324420928955078125e-01 5.454545468091964722e-02
8.823529481887817383e-01 5.183600783348083496e-01 3.636363521218299866e-02
8.764705657958984375e-01 5.042780637741088867e-01 1.818181760609149933e-02
8.705882430076599121e-01 4.901960790157318115e-01 0.000000000000000000e+00
