0.0000 1.5000 0.0500 960000.0000 75.0000 101.8700
86400.0000 5.7000 0.0375 750000.0000 298.0000 102.4300
172800.0000 6.3000 0.0000 800000.0000 129.0000 102.2700
259200.0000 6.7000 0.0417 750000.0000 245.0000 101.9000
345600.0000 2.8000 0.0000 690000.0000 384.0000 103.3000
432000.0000 -0.7000 0.0250 710000.0000 390.0000 103.8300
518400.0000 3.1000 0.1083 960000.0000 97.0000 103.0500
604800.0000 6.0000 0.0000 950000.0000 259.0000 103.1300
691200.0000 6.0000 0.4042 970000.0000 63.0000 101.9100
777600.0000 6.3000 0.0500 900000.0000 253.0000 100.8700
864000.0000 7.5000 0.0125 780000.0000 316.0000 100.6800
950400.0000 5.5000 0.9667 820000.0000 147.0000 100.1300
1036800.0000 4.4000 0.2583 790000.0000 194.0000 100.0500
1123200.0000 4.2000 0.0833 740000.0000 284.0000 101.4000
1209600.0000 3.4000 0.0042 820000.0000 170.0000 102.1400
1296000.0000 0.9000 0.0208 860000.0000 407.0000 102.8700
1382400.0000 -3.4000 0.0167 890000.0000 375.0000 103.7800
1468800.0000 -2.7000 0.0125 890000.0000 249.0000 103.9500
1555200.0000 -0.4000 0.0000 740000.0000 589.0000 103.7800
1641600.0000 1.3000 0.0000 620000.0000 458.0000 103.4900
1728000.0000 1.1000 0.0000 820000.0000 496.0000 102.9500
1814400.0000 0.2000 0.0000 880000.0000 490.0000 102.7300
1900800.0000 2.0000 0.0000 950000.0000 137.0000 102.6900
1987200.0000 3.5000 0.0000 900000.0000 554.0000 102.8500
2073600.0000 -0.3000 0.0000 840000.0000 152.0000 102.9800
2160000.0000 -2.7000 0.0000 810000.0000 290.0000 102.3300
2246400.0000 2.4000 0.0000 710000.0000 420.0000 101.5600
2332800.0000 7.5000 0.0000 690000.0000 315.0000 101.4200
2419200.0000 4.8000 0.1333 870000.0000 283.0000 101.5600
2505600.0000 5.3000 0.2833 920000.0000 138.0000 101.0900
2592000.0000 3.9000 0.0000 790000.0000 231.0000 101.6700
2678400.0000 4.7000 0.1208 900000.0000 182.0000 101.1600
2764800.0000 9.8000 0.0375 850000.0000 473.0000 100.3400
2851200.0000 9.1000 0.0292 790000.0000 446.0000 100.0300
2937600.0000 5.6000 0.1167 900000.0000 201.0000 99.9000
3024000.0000 4.4000 0.0167 940000.0000 309.0000 100.4000
3110400.0000 4.9000 0.0000 860000.0000 186.0000 101.7600
3196800.0000 3.6000 0.0333 920000.0000 106.0000 101.6500
3283200.0000 0.5000 0.0000 900000.0000 95.0000 102.4800
3369600.0000 -0.8000 0.0000 800000.0000 155.0000 102.7600
3456000.0000 -1.9000 0.0000 830000.0000 256.0000 102.3100
3542400.0000 -0.2000 0.1333 880000.0000 153.0000 102.1400
3628800.0000 1.2000 0.0542 870000.0000 396.0000 102.5000
3715200.0000 2.7000 0.0000 750000.0000 805.0000 102.7100
3801600.0000 5.3000 0.0000 640000.0000 813.0000 102.8100
3888000.0000 8.4000 0.0625 750000.0000 745.0000 103.0500
3974400.0000 6.5000 0.0000 930000.0000 469.0000 102.8700
4060800.0000 6.3000 0.0542 930000.0000 378.0000 102.6700
4147200.0000 5.4000 0.0000 950000.0000 372.0000 102.6100
4233600.0000 6.4000 0.0042 900000.0000 395.0000 102.1100
4320000.0000 8.0000 0.0333 950000.0000 252.0000 101.5900
4406400.0000 8.6000 0.0125 880000.0000 840.0000 101.3900
4492800.0000 8.2000 0.7500 950000.0000 206.0000 100.5900
4579200.0000 7.7000 0.3542 850000.0000 290.0000 99.4500
4665600.0000 4.9000 0.0750 850000.0000 950.0000 101.4100
4752000.0000 6.5000 0.0333 770000.0000 406.0000 101.5400
4838400.0000 8.5000 0.0833 860000.0000 200.0000 100.8000
4924800.0000 8.0000 0.3917 820000.0000 169.0000 99.3500
5011200.0000 4.5000 0.2917 850000.0000 556.0000 98.8900
5097600.0000 6.4000 0.2583 880000.0000 805.0000 99.7700
5184000.0000 6.9000 0.1458 770000.0000 601.0000 100.6800
5270400.0000 7.1000 0.0083 760000.0000 348.0000 100.2700
5356800.0000 8.9000 0.0292 830000.0000 324.0000 99.1700
5443200.0000 6.7000 0.2083 840000.0000 628.0000 99.4800
5529600.0000 6.2000 0.0125 920000.0000 748.0000 100.1500
5616000.0000 6.6000 0.0000 890000.0000 968.0000 101.5400
5702400.0000 6.9000 0.5250 930000.0000 222.0000 101.3200
5788800.0000 8.0000 0.0417 900000.0000 1012.0000 101.9900
5875200.0000 7.7000 0.0000 750000.0000 1146.0000 102.7200
5961600.0000 9.2000 0.0000 650000.0000 789.0000 102.0400
6048000.0000 9.0000 0.0000 700000.0000 1342.0000 101.5100
6134400.0000 6.8000 0.0000 900000.0000 1087.0000 102.6800
6220800.0000 8.3000 0.0000 890000.0000 770.0000 103.1400
6307200.0000 8.5000 0.0000 800000.0000 1327.0000 103.2300
6393600.0000 10.8000 0.0000 730000.0000 1398.0000 102.2500
6480000.0000 8.0000 0.1958 780000.0000 859.0000 101.4400
6566400.0000 9.8000 0.2375 930000.0000 528.0000 100.7300
6652800.0000 10.0000 0.0042 910000.0000 1021.0000 100.7400
6739200.0000 9.7000 0.1750 920000.0000 305.0000 100.5100
6825600.0000 8.0000 0.0000 700000.0000 1523.0000 100.9400
6912000.0000 8.7000 0.0000 610000.0000 1367.0000 101.2600
6998400.0000 9.1000 0.0000 670000.0000 1456.0000 101.7700
7084800.0000 9.4000 0.0000 660000.0000 1689.0000 102.9300
7171200.0000 9.7000 0.0000 500000.0000 1688.0000 102.9500
7257600.0000 9.4000 0.0000 710000.0000 1469.0000 102.5300
7340400.0000 11.0000 0.0000 640000.0000 1778.0000 102.2500
7426800.0000 11.8000 0.0000 660000.0000 1681.0000 102.1000
7513200.0000 12.1000 0.0042 780000.0000 1000.0000 102.3300
7599600.0000 16.7000 0.0000 590000.0000 1488.0000 102.1200
7686000.0000 13.8000 0.0375 700000.0000 1159.0000 101.2500
7772400.0000 10.5000 0.0875 850000.0000 958.0000 101.2200
7858800.0000 9.5000 0.0000 900000.0000 1890.0000 102.1600
7945200.0000 8.9000 0.0000 890000.0000 1301.0000 102.6800
8031600.0000 9.4000 0.0000 880000.0000 1832.0000 102.5200
8118000.0000 9.2000 0.0000 810000.0000 1667.0000 102.8300
8204400.0000 8.5000 0.0000 730000.0000 1496.0000 102.9400
8290800.0000 10.0000 0.0000 810000.0000 1581.0000 102.6300
8377200.0000 9.5000 0.0000 760000.0000 1957.0000 102.5200
8463600.0000 14.4000 0.0000 590000.0000 2055.0000 102.1400
8550000.0000 9.8000 0.0000 760000.0000 1679.0000 102.3400
8636400.0000 10.2000 0.0000 740000.0000 1964.0000 102.5400
8722800.0000 10.4000 0.0083 810000.0000 920.0000 101.6400
8809200.0000 9.6000 0.0000 750000.0000 1780.0000 101.6300
8895600.0000 10.4000 0.0333 730000.0000 918.0000 101.5800
8982000.0000 9.9000 0.0875 760000.0000 1695.0000 101.5900
9068400.0000 8.9000 0.0333 730000.0000 1475.0000 101.9700
9154800.0000 7.5000 0.2500 730000.0000 2068.0000 102.1100
9241200.0000 6.8000 0.2583 720000.0000 2004.0000 102.8900
9327600.0000 5.8000 0.0000 580000.0000 1866.0000 103.7100
9414000.0000 8.1000 0.0000 600000.0000 2196.0000 103.5900
9500400.0000 11.1000 0.0000 830000.0000 1131.0000 102.9300
9586800.0000 8.3000 0.0333 710000.0000 1478.0000 102.7500
9673200.0000 8.6000 0.0083 650000.0000 1980.0000 102.6000
9759600.0000 10.0000 0.1500 750000.0000 1294.0000 101.3500
9846000.0000 6.9000 0.0292 700000.0000 2036.0000 100.9800
9932400.0000 7.7000 -0.0042 630000.0000 2293.0000 101.4300
10018800.0000 7.9000 0.0500 690000.0000 1948.0000 101.6700
10105200.0000 8.7000 0.0125 710000.0000 2271.0000 101.5500
10191600.0000 9.8000 0.0000 660000.0000 1688.0000 101.7300
10278000.0000 13.7000 0.0000 460000.0000 2168.0000 100.7300
10364400.0000 12.1000 0.0125 660000.0000 804.0000 101.0400
10450800.0000 10.8000 0.0292 830000.0000 1017.0000 101.8100
10537200.0000 10.7000 0.2583 830000.0000 959.0000 102.0300
10623600.0000 11.8000 0.0042 750000.0000 2184.0000 102.0700
10710000.0000 10.0000 0.0000 760000.0000 899.0000 102.0700
10796400.0000 12.5000 0.0000 770000.0000 2484.0000 101.2600
10882800.0000 10.0000 0.0000 850000.0000 879.0000 101.8100
10969200.0000 9.6000 0.0042 790000.0000 1624.0000 102.2500
11055600.0000 8.5000 0.0000 700000.0000 2611.0000 102.1000
11142000.0000 9.0000 0.0000 720000.0000 2367.0000 100.9200
11228400.0000 16.1000 0.0000 610000.0000 2305.0000 99.8000
11314800.0000 15.6000 0.2000 840000.0000 1427.0000 100.0400
11401200.0000 13.9000 0.1667 840000.0000 1128.0000 101.0700
11487600.0000 14.4000 0.0000 740000.0000 2312.0000 102.0500
11574000.0000 15.9000 0.0083 690000.0000 1859.0000 102.7500
11660400.0000 19.8000 0.0000 640000.0000 1741.0000 102.5200
11746800.0000 22.7000 0.0000 570000.0000 2133.0000 101.5500
11833200.0000 14.2000 0.0333 880000.0000 1807.0000 101.0900
11919600.0000 12.8000 0.0083 820000.0000 1151.0000 101.0700
12006000.0000 14.0000 0.0000 690000.0000 2554.0000 102.0400
12092400.0000 14.6000 0.0000 690000.0000 2486.0000 102.5300
12178800.0000 18.4000 0.0000 580000.0000 2523.0000 101.7800
12265200.0000 15.0000 0.0000 770000.0000 2456.0000 102.0000
12351600.0000 15.0000 0.0000 830000.0000 2367.0000 102.4800
12438000.0000 15.7000 0.0000 800000.0000 2860.0000 102.4700
12524400.0000 21.8000 0.0000 560000.0000 2871.0000 102.0200
12610800.0000 22.5000 0.0000 570000.0000 2763.0000 101.6200
12697200.0000 17.3000 0.0000 750000.0000 2416.0000 101.8000
12783600.0000 19.1000 0.2000 760000.0000 2417.0000 101.2600
12870000.0000 16.6000 -0.0042 830000.0000 1425.0000 101.5300
12956400.0000 15.9000 0.0000 760000.0000 2912.0000 102.2400
13042800.0000 16.1000 0.0000 660000.0000 2856.0000 102.1800
13129200.0000 19.5000 0.0000 590000.0000 2789.0000 101.6500
13215600.0000 17.0000 0.2083 860000.0000 2200.0000 101.3300
13302000.0000 15.7000 0.0000 690000.0000 2700.0000 101.5700
13388400.0000 17.7000 0.0083 610000.0000 2415.0000 100.9900
13474800.0000 14.1000 0.5875 790000.0000 1174.0000 99.7600
13561200.0000 14.6000 0.0542 710000.0000 1441.0000 100.9700
13647600.0000 16.7000 0.1292 750000.0000 2006.0000 101.2400
13734000.0000 16.4000 0.2917 810000.0000 1919.0000 101.2000
13820400.0000 18.7000 0.0000 680000.0000 2491.0000 101.8300
13906800.0000 20.1000 0.0000 650000.0000 2557.0000 101.4400
13993200.0000 16.5000 0.0000 720000.0000 1969.0000 101.6300
14079600.0000 16.6000 0.0000 730000.0000 2907.0000 101.9900
14166000.0000 18.3000 0.0000 710000.0000 2962.0000 101.8500
14252400.0000 19.8000 0.0000 660000.0000 2661.0000 101.3900
14338800.0000 17.0000 0.0000 670000.0000 2594.0000 102.2400
14425200.0000 18.5000 0.0000 800000.0000 2381.0000 102.6100
14511600.0000 20.5000 0.0000 760000.0000 2903.0000 102.4200
14598000.0000 22.7000 0.0000 710000.0000 2735.0000 101.9300
14684400.0000 21.3000 0.0000 750000.0000 2360.0000 101.8200
14770800.0000 23.7000 0.0000 540000.0000 2735.0000 101.6100
14857200.0000 21.2000 0.6250 750000.0000 1982.0000 101.0800
14943600.0000 18.4000 0.0000 780000.0000 2226.0000 101.5100
15030000.0000 17.9000 0.0000 850000.0000 769.0000 101.3200
15116400.0000 17.6000 0.0250 830000.0000 944.0000 101.1200
15202800.0000 16.5000 0.0000 660000.0000 2869.0000 101.4000
15289200.0000 18.5000 0.0125 640000.0000 1962.0000 100.7300
15375600.0000 18.0000 -0.0042 850000.0000 709.0000 99.5400
15462000.0000 17.4000 0.0000 790000.0000 1127.0000 99.7000
15548400.0000 17.0000 0.1292 820000.0000 1488.0000 100.3700
15634800.0000 16.1000 0.2250 860000.0000 1043.0000 101.1800
15721200.0000 16.2000 0.0042 770000.0000 2196.0000 101.9800
15807600.0000 17.5000 0.0042 790000.0000 1680.0000 102.0500
15894000.0000 18.8000 0.0000 740000.0000 2452.0000 102.0100
15980400.0000 18.9000 0.0000 790000.0000 2799.0000 101.8800
16066800.0000 20.6000 0.4542 740000.0000 1871.0000 101.6500
16153200.0000 19.2000 0.0000 860000.0000 2374.0000 101.5100
16239600.0000 18.1000 0.0000 800000.0000 2375.0000 101.7300
16326000.0000 18.5000 0.0000 650000.0000 2788.0000 101.4000
16412400.0000 19.4000 -0.0042 730000.0000 1331.0000 100.8500
16498800.0000 17.7000 0.8000 830000.0000 1237.0000 101.0200
16585200.0000 15.8000 0.9583 810000.0000 1525.0000 101.3700
16671600.0000 15.8000 0.0000 710000.0000 1811.0000 102.1700
16758000.0000 16.1000 0.0542 770000.0000 1710.0000 101.8000
16844400.0000 18.1000 0.0833 720000.0000 1861.0000 102.1800
16930800.0000 19.1000 0.0792 880000.0000 1261.0000 102.2100
17017200.0000 18.5000 0.0000 730000.0000 2864.0000 102.3000
17103600.0000 21.5000 0.0000 590000.0000 2701.0000 101.7800
17190000.0000 23.0000 0.0042 690000.0000 2047.0000 100.8000
17276400.0000 19.4000 0.3250 830000.0000 1430.0000 100.8700
17362800.0000 19.6000 0.0000 600000.0000 2722.0000 101.1900
17449200.0000 18.7000 0.0750 760000.0000 1484.0000 101.0400
17535600.0000 16.4000 0.4375 790000.0000 1751.0000 101.1200
17622000.0000 16.2000 0.5000 840000.0000 1888.0000 101.0400
17708400.0000 17.5000 0.1167 800000.0000 2012.0000 101.2200
17794800.0000 19.1000 0.1333 780000.0000 2095.0000 100.8800
17881200.0000 18.2000 0.0000 730000.0000 1810.0000 100.6800
17967600.0000 17.8000 0.1167 770000.0000 1485.0000 100.9800
18054000.0000 18.2000 0.7500 890000.0000 1154.0000 100.9000
18140400.0000 18.3000 0.1125 810000.0000 1872.0000 100.7100
18226800.0000 18.1000 0.0500 770000.0000 2235.0000 101.3100
18313200.0000 18.6000 0.0000 720000.0000 1860.0000 101.5300
18399600.0000 18.2000 0.1792 750000.0000 1114.0000 101.5100
18486000.0000 19.1000 -0.0042 730000.0000 2127.0000 100.8800
18572400.0000 18.9000 0.0042 740000.0000 2331.0000 101.1200
18658800.0000 17.1000 0.1333 770000.0000 1482.0000 101.5500
18745200.0000 17.8000 0.0000 670000.0000 2452.0000 102.2000
18831600.0000 17.3000 0.0000 750000.0000 2164.0000 101.8100
18918000.0000 16.2000 0.4500 860000.0000 416.0000 100.9900
19004400.0000 17.2000 0.0625 780000.0000 2130.0000 101.4700
19090800.0000 16.7000 0.0167 810000.0000 1126.0000 102.0800
19177200.0000 17.3000 0.0417 760000.0000 2047.0000 101.7600
19263600.0000 17.6000 0.1375 850000.0000 1328.0000 101.4600
19350000.0000 17.5000 0.0000 750000.0000 2326.0000 102.0300
19436400.0000 18.9000 0.0000 720000.0000 1913.0000 101.8100
19522800.0000 18.0000 0.1625 890000.0000 825.0000 101.5300
19609200.0000 18.0000 0.0000 830000.0000 1603.0000 101.9700
19695600.0000 18.2000 0.1708 850000.0000 622.0000 101.3400
19782000.0000 17.9000 0.0000 770000.0000 1312.0000 101.1300
19868400.0000 16.8000 0.2625 730000.0000 1884.0000 101.5500
19954800.0000 17.3000 0.0000 680000.0000 1867.0000 102.2400
20041200.0000 17.7000 0.0000 780000.0000 1786.0000 102.2700
20127600.0000 19.3000 0.0000 710000.0000 2055.0000 101.9900
20214000.0000 20.5000 0.0000 710000.0000 1581.0000 101.4300
20300400.0000 18.7000 0.0000 750000.0000 1801.0000 101.6400
20386800.0000 18.3000 0.0000 800000.0000 1881.0000 101.7500
20473200.0000 18.6000 0.0000 810000.0000 1716.0000 101.6000
20559600.0000 19.1000 0.0000 770000.0000 1861.0000 101.8700
20646000.0000 18.9000 0.0000 810000.0000 1835.0000 101.8000
20732400.0000 20.7000 0.0042 800000.0000 1695.0000 101.2700
20818800.0000 17.2000 1.4917 950000.0000 230.0000 100.9000
20905200.0000 15.3000 0.4083 790000.0000 1645.0000 101.7000
20991600.0000 15.2000 0.4167 800000.0000 1409.0000 102.0700
21078000.0000 14.8000 0.1375 770000.0000 2024.0000 102.0900
21164400.0000 14.8000 0.0000 740000.0000 1599.0000 101.5800
21250800.0000 16.9000 0.0000 800000.0000 942.0000 101.4700
21337200.0000 18.7000 0.0042 860000.0000 695.0000 101.4900
21423600.0000 16.7000 0.0958 740000.0000 1314.0000 101.5900
21510000.0000 16.8000 0.0500 700000.0000 1071.0000 101.3200
21596400.0000 15.5000 1.9292 940000.0000 278.0000 99.9500
21682800.0000 14.6000 0.6792 830000.0000 1117.0000 99.7000
21769200.0000 15.3000 0.0250 830000.0000 1150.0000 99.9200
21855600.0000 14.8000 0.4542 830000.0000 868.0000 99.3800
21942000.0000 15.4000 0.0667 740000.0000 1560.0000 100.3700
22028400.0000 15.3000 0.3292 720000.0000 1242.0000 99.7200
22114800.0000 13.4000 0.8667 800000.0000 421.0000 100.3700
22201200.0000 12.8000 0.6792 830000.0000 1347.0000 101.0600
22287600.0000 11.6000 0.9542 940000.0000 465.0000 101.0500
22374000.0000 12.9000 0.1167 840000.0000 1393.0000 101.2500
22460400.0000 13.2000 0.4583 860000.0000 973.0000 101.3400
22546800.0000 13.9000 0.0208 800000.0000 1345.0000 101.8800
22633200.0000 15.2000 -0.0042 760000.0000 1243.0000 101.9700
22719600.0000 15.1000 0.0000 770000.0000 1275.0000 101.8700
22806000.0000 13.9000 0.0500 860000.0000 1173.0000 102.1000
22892400.0000 13.3000 0.0000 830000.0000 1533.0000 102.3900
22978800.0000 14.6000 0.0000 780000.0000 1440.0000 102.2500
23065200.0000 14.6000 0.0000 860000.0000 1149.0000 102.1300
23151600.0000 14.8000 0.0000 880000.0000 1277.0000 102.2500
23238000.0000 15.2000 0.0000 830000.0000 1262.0000 102.1800
23324400.0000 16.1000 0.2417 920000.0000 553.0000 102.0700
23410800.0000 17.1000 0.0292 900000.0000 676.0000 101.7800
23497200.0000 14.6000 -0.0042 780000.0000 498.0000 101.7200
23583600.0000 14.7000 -0.0042 830000.0000 575.0000 101.5300
23670000.0000 16.1000 0.0125 740000.0000 743.0000 101.1300
23756400.0000 14.6000 0.0000 690000.0000 981.0000 101.9400
23842800.0000 13.8000 0.1583 700000.0000 498.0000 101.9400
23929200.0000 13.8000 0.4792 760000.0000 989.0000 101.2700
24015600.0000 12.7000 0.2333 740000.0000 847.0000 102.1300
24102000.0000 13.9000 0.2708 830000.0000 197.0000 101.5200
24188400.0000 13.3000 0.2292 890000.0000 633.0000 101.8100
24274800.0000 13.3000 0.1125 920000.0000 264.0000 101.8300
24361200.0000 14.7000 0.0042 870000.0000 355.0000 101.4700
24447600.0000 15.0000 0.0292 820000.0000 365.0000 101.2600
24534000.0000 14.4000 0.0000 750000.0000 870.0000 101.9800
24620400.0000 15.8000 0.0000 870000.0000 666.0000 102.3300
24706800.0000 15.4000 0.0000 890000.0000 972.0000 102.5000
24793200.0000 17.2000 0.0000 800000.0000 1008.0000 102.0700
24879600.0000 19.1000 0.0000 770000.0000 817.0000 101.8900
24966000.0000 13.8000 0.0000 800000.0000 385.0000 101.9600
25052400.0000 15.0000 0.0000 860000.0000 785.0000 101.3000
25138800.0000 16.8000 0.0000 800000.0000 615.0000 100.8000
25225200.0000 13.9000 0.2417 820000.0000 261.0000 100.6900
25311600.0000 13.5000 0.0708 780000.0000 723.0000 100.7300
25398000.0000 11.7000 0.4583 840000.0000 285.0000 101.0000
25484400.0000 13.4000 0.0583 820000.0000 669.0000 101.7900
25570800.0000 15.2000 0.0250 960000.0000 222.0000 101.8700
25657200.0000 15.0000 0.0208 910000.0000 497.0000 102.0700
25743600.0000 14.5000 0.0000 880000.0000 613.0000 102.3900
25830000.0000 13.0000 0.0083 730000.0000 739.0000 102.9100
25916400.0000 13.1000 0.0000 810000.0000 229.0000 101.9500
26002800.0000 11.7000 0.0583 700000.0000 579.0000 101.8100
26092800.0000 10.3000 0.0333 700000.0000 488.0000 102.7900
26179200.0000 12.1000 -0.0042 760000.0000 263.0000 102.4600
26265600.0000 12.2000 0.0000 800000.0000 397.0000 101.9300
26352000.0000 12.0000 0.0208 830000.0000 244.0000 101.4300
26438400.0000 11.0000 0.0000 840000.0000 359.0000 101.4600
26524800.0000 11.4000 0.1583 870000.0000 322.0000 100.5100
26611200.0000 9.5000 0.1292 720000.0000 445.0000 101.1300
26697600.0000 7.5000 0.0542 750000.0000 517.0000 102.4200
26784000.0000 4.8000 0.0000 870000.0000 556.0000 102.1700
26870400.0000 5.8000 0.0000 920000.0000 182.0000 102.0800
26956800.0000 9.9000 0.1583 880000.0000 340.0000 102.1700
27043200.0000 10.6000 0.0167 730000.0000 412.0000 101.5400
27129600.0000 9.3000 0.0500 740000.0000 292.0000 101.0000
27216000.0000 7.5000 0.6875 780000.0000 169.0000 100.5700
27302400.0000 9.0000 0.0583 690000.0000 477.0000 102.0300
27388800.0000 9.3000 0.0167 870000.0000 146.0000 102.3100
27475200.0000 10.2000 0.0167 980000.0000 152.0000 102.4400
27561600.0000 10.1000 0.0375 930000.0000 124.0000 102.2900
27648000.0000 8.8000 0.0000 630000.0000 462.0000 102.7000
27734400.0000 9.0000 0.0083 690000.0000 210.0000 101.9000
27820800.0000 8.6000 0.0458 700000.0000 451.0000 101.9400
27907200.0000 9.1000 0.3375 890000.0000 69.0000 101.4400
27993600.0000 11.9000 0.0833 920000.0000 102.0000 100.9500
28080000.0000 11.4000 0.0250 770000.0000 382.0000 100.2200
28166400.0000 11.5000 0.0542 720000.0000 238.0000 100.0100
28252800.0000 7.2000 0.3708 840000.0000 221.0000 101.0000
28339200.0000 6.2000 0.0208 730000.0000 220.0000 101.3200
28425600.0000 7.2000 0.0208 720000.0000 290.0000 101.9900
28512000.0000 8.0000 1.0458 850000.0000 73.0000 101.0600
28598400.0000 6.9000 0.0667 750000.0000 313.0000 100.4900
28684800.0000 4.8000 0.3375 910000.0000 359.0000 100.5000
28771200.0000 4.0000 0.4500 870000.0000 143.0000 100.5000
28857600.0000 1.8000 0.0542 940000.0000 296.0000 101.7600
28944000.0000 0.6000 0.0000 970000.0000 196.0000 102.6300
29030400.0000 6.5000 0.1083 920000.0000 125.0000 102.4600
29116800.0000 8.4000 0.0000 830000.0000 313.0000 103.0800
29203200.0000 8.8000 0.0000 770000.0000 75.0000 103.3300
29289600.0000 8.6000 0.0000 750000.0000 116.0000 102.7900
29376000.0000 6.3000 0.4208 830000.0000 54.0000 101.0600
29462400.0000 5.2000 0.0417 680000.0000 249.0000 100.9300
29548800.0000 4.1000 0.2167 780000.0000 144.0000 101.0600
29635200.0000 2.1000 0.8042 920000.0000 25.0000 98.2800
29721600.0000 1.3000 0.5208 890000.0000 35.0000 98.3400
29808000.0000 3.1000 0.1792 890000.0000 171.0000 100.6100
29894400.0000 5.2000 0.6500 910000.0000 72.0000 99.6200
29980800.0000 4.6000 0.3875 860000.0000 198.0000 98.9600
30067200.0000 3.3000 0.0875 960000.0000 101.0000 99.5800
30153600.0000 5.0000 0.2125 840000.0000 227.0000 101.3100
30240000.0000 4.8000 0.1833 870000.0000 269.0000 102.1000
30326400.0000 6.7000 0.0417 900000.0000 329.0000 102.5500
30412800.0000 6.2000 0.0000 940000.0000 192.0000 103.3600
30499200.0000 7.7000 0.0125 980000.0000 73.0000 103.4000
30585600.0000 8.2000 0.0458 990000.0000 118.0000 103.4400
30672000.0000 8.2000 0.0375 990000.0000 115.0000 103.4600
30758400.0000 8.5000 -0.0042 940000.0000 62.0000 103.1500
30844800.0000 8.0000 0.0042 950000.0000 85.0000 102.3500
30931200.0000 7.4000 0.0042 870000.0000 103.0000 101.1100
31017600.0000 6.1000 0.0708 830000.0000 290.0000 99.5900
31104000.0000 5.5000 0.3667 900000.0000 141.0000 98.3800
31190400.0000 4.8000 0.0375 750000.0000 284.0000 99.9400
31276800.0000 4.3000 0.4042 850000.0000 66.0000 99.9000
31363200.0000 8.4000 0.2250 900000.0000 118.0000 99.7200
31449600.0000 9.8000 0.4250 920000.0000 86.0000 99.7100
