     0.000      1.000
  3600.000      1.000
  7200.000      1.000
 10800.000      1.000
 14400.000      1.000
 18000.000      1.000
 21600.000      1.000
 25200.000      1.000
 28800.000      1.000
 32400.000      1.000
 36000.000      1.000
 39600.000      1.000
 43200.000      1.000
 46800.000      1.000
 50400.000      1.000
 54000.000      1.000
 57600.000      1.000
 61200.000      1.000
 64800.000      1.000
 68400.000      1.000
 72000.000      1.000
 75600.000      1.000
 79200.000      1.000
 82800.000      1.000
 86400.000      1.000
 90000.000      1.000
 93600.000      1.000
 97200.000      1.000
100800.000      1.000
104400.000      1.000
108000.000      1.000
111600.000      1.000
115200.000      1.000
118800.000      1.000
122400.000      1.000
126000.000      1.000
129600.000      1.000
133200.000      1.000
136800.000      1.000
140400.000      1.000
144000.000      1.000
147600.000      1.000
151200.000      1.000
154800.000      1.000
158400.000      1.000
162000.000      1.000
165600.000      1.000
169200.000      1.000
172800.000      1.000
