0.000000000000000000e+00 7.950000000000000122e-02 0.000000000000000000e+00 7.950000000000000122e-02 0.000000000000000000e+00 7.950000000000000122e-02 0.000000000000000000e+00 7.950000000000000122e-02 0.000000000000000000e+00 7.950000000000000122e-02
7.950000000000000252e-04 7.870499999999999718e-02 7.950000000000000252e-04 7.870499999999999718e-02 7.950000000000000252e-04 7.870499999999999718e-02 7.950000000000000252e-04 7.870499999999999718e-02 7.950000000000000252e-04 7.870499999999999718e-02
1.590000000000000050e-03 7.790999999999999315e-02 1.590000000000000050e-03 7.790999999999999315e-02 1.590000000000000050e-03 7.790999999999999315e-02 1.590000000000000050e-03 7.790999999999999315e-02 1.590000000000000050e-03 7.790999999999999315e-02
2.384999999999999967e-03 7.711500000000000299e-02 2.384999999999999967e-03 7.711500000000000299e-02 2.384999999999999967e-03 7.711500000000000299e-02 2.384999999999999967e-03 7.711500000000000299e-02 2.384999999999999967e-03 7.711500000000000299e-02
3.180000000000000101e-03 7.631999999999999895e-02 3.180000000000000101e-03 7.631999999999999895e-02 3.180000000000000101e-03 7.631999999999999895e-02 3.180000000000000101e-03 7.631999999999999895e-02 3.180000000000000101e-03 7.631999999999999895e-02
3.975000000000000235e-03 7.552499999999999492e-02 3.975000000000000235e-03 7.552499999999999492e-02 3.975000000000000235e-03 7.552499999999999492e-02 3.975000000000000235e-03 7.552499999999999492e-02 3.975000000000000235e-03 7.552499999999999492e-02
4.769999999999999934e-03 7.472999999999999088e-02 4.769999999999999934e-03 7.472999999999999088e-02 4.769999999999999934e-03 7.472999999999999088e-02 4.769999999999999934e-03 7.472999999999999088e-02 4.769999999999999934e-03 7.472999999999999088e-02
5.565000000000000502e-03 7.393500000000000072e-02 5.565000000000000502e-03 7.393500000000000072e-02 5.565000000000000502e-03 7.393500000000000072e-02 5.565000000000000502e-03 7.393500000000000072e-02 5.565000000000000502e-03 7.393500000000000072e-02
6.360000000000000202e-03 7.314000000000001056e-02 6.360000000000000202e-03 7.314000000000001056e-02 6.360000000000000202e-03 7.314000000000001056e-02 6.360000000000000202e-03 7.314000000000001056e-02 6.360000000000000202e-03 7.314000000000001056e-02
7.154999999999999902e-03 7.234500000000000652e-02 7.154999999999999902e-03 7.234500000000000652e-02 7.154999999999999902e-03 7.234500000000000652e-02 7.154999999999999902e-03 7.234500000000000652e-02 7.154999999999999902e-03 7.234500000000000652e-02
7.950000000000000469e-03 7.155000000000000249e-02 7.950000000000000469e-03 7.155000000000000249e-02 7.950000000000000469e-03 7.155000000000000249e-02 7.950000000000000469e-03 7.155000000000000249e-02 7.950000000000000469e-03 7.155000000000000249e-02
8.745000000000001036e-03 7.075499999999999845e-02 8.745000000000001036e-03 7.075499999999999845e-02 8.745000000000001036e-03 7.075499999999999845e-02 8.745000000000001036e-03 7.075499999999999845e-02 8.745000000000001036e-03 7.075499999999999845e-02
9.539999999999999869e-03 6.996000000000000829e-02 9.539999999999999869e-03 6.996000000000000829e-02 9.539999999999999869e-03 6.996000000000000829e-02 9.539999999999999869e-03 6.996000000000000829e-02 9.539999999999999869e-03 6.996000000000000829e-02
1.033500000000000044e-02 6.916500000000000425e-02 1.033500000000000044e-02 6.916500000000000425e-02 1.033500000000000044e-02 6.916500000000000425e-02 1.033500000000000044e-02 6.916500000000000425e-02 1.033500000000000044e-02 6.916500000000000425e-02
1.113000000000000100e-02 6.837000000000000022e-02 1.113000000000000100e-02 6.837000000000000022e-02 1.113000000000000100e-02 6.837000000000000022e-02 1.113000000000000100e-02 6.837000000000000022e-02 1.113000000000000100e-02 6.837000000000000022e-02
1.192499999999999984e-02 6.757499999999999618e-02 1.192499999999999984e-02 6.757499999999999618e-02 1.192499999999999984e-02 6.757499999999999618e-02 1.192499999999999984e-02 6.757499999999999618e-02 1.192499999999999984e-02 6.757499999999999618e-02
1.272000000000000040e-02 6.677999999999999214e-02 1.272000000000000040e-02 6.677999999999999214e-02 1.272000000000000040e-02 6.677999999999999214e-02 1.272000000000000040e-02 6.677999999999999214e-02 1.272000000000000040e-02 6.677999999999999214e-02
1.351500000000000097e-02 6.598500000000000199e-02 1.351500000000000097e-02 6.598500000000000199e-02 1.351500000000000097e-02 6.598500000000000199e-02 1.351500000000000097e-02 6.598500000000000199e-02 1.351500000000000097e-02 6.598500000000000199e-02
1.430999999999999980e-02 6.519000000000001183e-02 1.430999999999999980e-02 6.519000000000001183e-02 1.430999999999999980e-02 6.519000000000001183e-02 1.430999999999999980e-02 6.519000000000001183e-02 1.430999999999999980e-02 6.519000000000001183e-02
1.510500000000000037e-02 6.439500000000000779e-02 1.510500000000000037e-02 6.439500000000000779e-02 1.510500000000000037e-02 6.439500000000000779e-02 1.510500000000000037e-02 6.439500000000000779e-02 1.510500000000000037e-02 6.439500000000000779e-02
1.590000000000000094e-02 6.360000000000000375e-02 1.590000000000000094e-02 6.360000000000000375e-02 1.590000000000000094e-02 6.360000000000000375e-02 1.590000000000000094e-02 6.360000000000000375e-02 1.590000000000000094e-02 6.360000000000000375e-02
1.669499999999999804e-02 6.280499999999999972e-02 1.669499999999999804e-02 6.280499999999999972e-02 1.669499999999999804e-02 6.280499999999999972e-02 1.669499999999999804e-02 6.280499999999999972e-02 1.669499999999999804e-02 6.280499999999999972e-02
1.749000000000000207e-02 6.201000000000000262e-02 1.749000000000000207e-02 6.201000000000000262e-02 1.749000000000000207e-02 6.201000000000000262e-02 1.749000000000000207e-02 6.201000000000000262e-02 1.749000000000000207e-02 6.201000000000000262e-02
1.828500000000000264e-02 6.121500000000000552e-02 1.828500000000000264e-02 6.121500000000000552e-02 1.828500000000000264e-02 6.121500000000000552e-02 1.828500000000000264e-02 6.121500000000000552e-02 1.828500000000000264e-02 6.121500000000000552e-02
1.907999999999999974e-02 6.042000000000000148e-02 1.907999999999999974e-02 6.042000000000000148e-02 1.907999999999999974e-02 6.042000000000000148e-02 1.907999999999999974e-02 6.042000000000000148e-02 1.907999999999999974e-02 6.042000000000000148e-02
1.987500000000000031e-02 5.962499999999999745e-02 1.987500000000000031e-02 5.962499999999999745e-02 1.987500000000000031e-02 5.962499999999999745e-02 1.987500000000000031e-02 5.962499999999999745e-02 1.987500000000000031e-02 5.962499999999999745e-02
2.067000000000000087e-02 5.883000000000000035e-02 2.067000000000000087e-02 5.883000000000000035e-02 2.067000000000000087e-02 5.883000000000000035e-02 2.067000000000000087e-02 5.883000000000000035e-02 2.067000000000000087e-02 5.883000000000000035e-02
2.146500000000000144e-02 5.803499999999999631e-02 2.146500000000000144e-02 5.803499999999999631e-02 2.146500000000000144e-02 5.803499999999999631e-02 2.146500000000000144e-02 5.803499999999999631e-02 2.146500000000000144e-02 5.803499999999999631e-02
2.226000000000000201e-02 5.723999999999999921e-02 2.226000000000000201e-02 5.723999999999999921e-02 2.226000000000000201e-02 5.723999999999999921e-02 2.226000000000000201e-02 5.723999999999999921e-02 2.226000000000000201e-02 5.723999999999999921e-02
2.305499999999999911e-02 5.644499999999999518e-02 2.305499999999999911e-02 5.644499999999999518e-02 2.305499999999999911e-02 5.644499999999999518e-02 2.305499999999999911e-02 5.644499999999999518e-02 2.305499999999999911e-02 5.644499999999999518e-02
2.384999999999999967e-02 5.564999999999999808e-02 2.384999999999999967e-02 5.564999999999999808e-02 2.384999999999999967e-02 5.564999999999999808e-02 2.384999999999999967e-02 5.564999999999999808e-02 2.384999999999999967e-02 5.564999999999999808e-02
2.464500000000000024e-02 5.485499999999999404e-02 2.464500000000000024e-02 5.485499999999999404e-02 2.464500000000000024e-02 5.485499999999999404e-02 2.464500000000000024e-02 5.485499999999999404e-02 2.464500000000000024e-02 5.485499999999999404e-02
2.544000000000000081e-02 5.405999999999999694e-02 2.544000000000000081e-02 5.405999999999999694e-02 2.544000000000000081e-02 5.405999999999999694e-02 2.544000000000000081e-02 5.405999999999999694e-02 2.544000000000000081e-02 5.405999999999999694e-02
2.623500000000000137e-02 5.326499999999999291e-02 2.623500000000000137e-02 5.326499999999999291e-02 2.623500000000000137e-02 5.326499999999999291e-02 2.623500000000000137e-02 5.326499999999999291e-02 2.623500000000000137e-02 5.326499999999999291e-02
2.703000000000000194e-02 5.246999999999999581e-02 2.703000000000000194e-02 5.246999999999999581e-02 2.703000000000000194e-02 5.246999999999999581e-02 2.703000000000000194e-02 5.246999999999999581e-02 2.703000000000000194e-02 5.246999999999999581e-02
2.782500000000000251e-02 5.167499999999999177e-02 2.782500000000000251e-02 5.167499999999999177e-02 2.782500000000000251e-02 5.167499999999999177e-02 2.782500000000000251e-02 5.167499999999999177e-02 2.782500000000000251e-02 5.167499999999999177e-02
2.861999999999999961e-02 5.088000000000000161e-02 2.861999999999999961e-02 5.088000000000000161e-02 2.861999999999999961e-02 5.088000000000000161e-02 2.861999999999999961e-02 5.088000000000000161e-02 2.861999999999999961e-02 5.088000000000000161e-02
2.941500000000000017e-02 5.008500000000000452e-02 2.941500000000000017e-02 5.008500000000000452e-02 2.941500000000000017e-02 5.008500000000000452e-02 2.941500000000000017e-02 5.008500000000000452e-02 2.941500000000000017e-02 5.008500000000000452e-02
3.021000000000000074e-02 4.929000000000000048e-02 3.021000000000000074e-02 4.929000000000000048e-02 3.021000000000000074e-02 4.929000000000000048e-02 3.021000000000000074e-02 4.929000000000000048e-02 3.021000000000000074e-02 4.929000000000000048e-02
3.100500000000000131e-02 4.849499999999999644e-02 3.100500000000000131e-02 4.849499999999999644e-02 3.100500000000000131e-02 4.849499999999999644e-02 3.100500000000000131e-02 4.849499999999999644e-02 3.100500000000000131e-02 4.849499999999999644e-02
3.180000000000000188e-02 4.769999999999999934e-02 3.180000000000000188e-02 4.769999999999999934e-02 3.180000000000000188e-02 4.769999999999999934e-02 3.180000000000000188e-02 4.769999999999999934e-02 3.180000000000000188e-02 4.769999999999999934e-02
3.259500000000000591e-02 4.690499999999999531e-02 3.259500000000000591e-02 4.690499999999999531e-02 3.259500000000000591e-02 4.690499999999999531e-02 3.259500000000000591e-02 4.690499999999999531e-02 3.259500000000000591e-02 4.690499999999999531e-02
3.338999999999999607e-02 4.611000000000000515e-02 3.338999999999999607e-02 4.611000000000000515e-02 3.338999999999999607e-02 4.611000000000000515e-02 3.338999999999999607e-02 4.611000000000000515e-02 3.338999999999999607e-02 4.611000000000000515e-02
3.418500000000000011e-02 4.531500000000000805e-02 3.418500000000000011e-02 4.531500000000000805e-02 3.418500000000000011e-02 4.531500000000000805e-02 3.418500000000000011e-02 4.531500000000000805e-02 3.418500000000000011e-02 4.531500000000000805e-02
3.498000000000000415e-02 4.452000000000000401e-02 3.498000000000000415e-02 4.452000000000000401e-02 3.498000000000000415e-02 4.452000000000000401e-02 3.498000000000000415e-02 4.452000000000000401e-02 3.498000000000000415e-02 4.452000000000000401e-02
3.577500000000000124e-02 4.372500000000000692e-02 3.577500000000000124e-02 4.372500000000000692e-02 3.577500000000000124e-02 4.372500000000000692e-02 3.577500000000000124e-02 4.372500000000000692e-02 3.577500000000000124e-02 4.372500000000000692e-02
3.657000000000000528e-02 4.293000000000000288e-02 3.657000000000000528e-02 4.293000000000000288e-02 3.657000000000000528e-02 4.293000000000000288e-02 3.657000000000000528e-02 4.293000000000000288e-02 3.657000000000000528e-02 4.293000000000000288e-02
3.736500000000000238e-02 4.213500000000000578e-02 3.736500000000000238e-02 4.213500000000000578e-02 3.736500000000000238e-02 4.213500000000000578e-02 3.736500000000000238e-02 4.213500000000000578e-02 3.736500000000000238e-02 4.213500000000000578e-02
3.815999999999999948e-02 4.134000000000000175e-02 3.815999999999999948e-02 4.134000000000000175e-02 3.815999999999999948e-02 4.134000000000000175e-02 3.815999999999999948e-02 4.134000000000000175e-02 3.815999999999999948e-02 4.134000000000000175e-02
3.895499999999999657e-02 4.054500000000000465e-02 3.895499999999999657e-02 4.054500000000000465e-02 3.895499999999999657e-02 4.054500000000000465e-02 3.895499999999999657e-02 4.054500000000000465e-02 3.895499999999999657e-02 4.054500000000000465e-02
3.975000000000000061e-02 3.975000000000000061e-02 3.975000000000000061e-02 3.975000000000000061e-02 3.975000000000000061e-02 3.975000000000000061e-02 3.975000000000000061e-02 3.975000000000000061e-02 3.975000000000000061e-02 3.975000000000000061e-02
4.054500000000000465e-02 3.895499999999999657e-02 4.054500000000000465e-02 3.895499999999999657e-02 4.054500000000000465e-02 3.895499999999999657e-02 4.054500000000000465e-02 3.895499999999999657e-02 4.054500000000000465e-02 3.895499999999999657e-02
4.134000000000000175e-02 3.815999999999999948e-02 4.134000000000000175e-02 3.815999999999999948e-02 4.134000000000000175e-02 3.815999999999999948e-02 4.134000000000000175e-02 3.815999999999999948e-02 4.134000000000000175e-02 3.815999999999999948e-02
4.213500000000000578e-02 3.736499999999999544e-02 4.213500000000000578e-02 3.736499999999999544e-02 4.213500000000000578e-02 3.736499999999999544e-02 4.213500000000000578e-02 3.736499999999999544e-02 4.213500000000000578e-02 3.736499999999999544e-02
4.293000000000000288e-02 3.656999999999999834e-02 4.293000000000000288e-02 3.656999999999999834e-02 4.293000000000000288e-02 3.656999999999999834e-02 4.293000000000000288e-02 3.656999999999999834e-02 4.293000000000000288e-02 3.656999999999999834e-02
4.372500000000000692e-02 3.577499999999999430e-02 4.372500000000000692e-02 3.577499999999999430e-02 4.372500000000000692e-02 3.577499999999999430e-02 4.372500000000000692e-02 3.577499999999999430e-02 4.372500000000000692e-02 3.577499999999999430e-02
4.452000000000000401e-02 3.497999999999999721e-02 4.452000000000000401e-02 3.497999999999999721e-02 4.452000000000000401e-02 3.497999999999999721e-02 4.452000000000000401e-02 3.497999999999999721e-02 4.452000000000000401e-02 3.497999999999999721e-02
4.531500000000000805e-02 3.418499999999999317e-02 4.531500000000000805e-02 3.418499999999999317e-02 4.531500000000000805e-02 3.418499999999999317e-02 4.531500000000000805e-02 3.418499999999999317e-02 4.531500000000000805e-02 3.418499999999999317e-02
4.610999999999999821e-02 3.339000000000000301e-02 4.610999999999999821e-02 3.339000000000000301e-02 4.610999999999999821e-02 3.339000000000000301e-02 4.610999999999999821e-02 3.339000000000000301e-02 4.610999999999999821e-02 3.339000000000000301e-02
4.690499999999999531e-02 3.259500000000000591e-02 4.690499999999999531e-02 3.259500000000000591e-02 4.690499999999999531e-02 3.259500000000000591e-02 4.690499999999999531e-02 3.259500000000000591e-02 4.690499999999999531e-02 3.259500000000000591e-02
4.769999999999999934e-02 3.180000000000000188e-02 4.769999999999999934e-02 3.180000000000000188e-02 4.769999999999999934e-02 3.180000000000000188e-02 4.769999999999999934e-02 3.180000000000000188e-02 4.769999999999999934e-02 3.180000000000000188e-02
4.849499999999999644e-02 3.100500000000000131e-02 4.849499999999999644e-02 3.100500000000000131e-02 4.849499999999999644e-02 3.100500000000000131e-02 4.849499999999999644e-02 3.100500000000000131e-02 4.849499999999999644e-02 3.100500000000000131e-02
4.929000000000000048e-02 3.021000000000000074e-02 4.929000000000000048e-02 3.021000000000000074e-02 4.929000000000000048e-02 3.021000000000000074e-02 4.929000000000000048e-02 3.021000000000000074e-02 4.929000000000000048e-02 3.021000000000000074e-02
5.008500000000000452e-02 2.941500000000000017e-02 5.008500000000000452e-02 2.941500000000000017e-02 5.008500000000000452e-02 2.941500000000000017e-02 5.008500000000000452e-02 2.941500000000000017e-02 5.008500000000000452e-02 2.941500000000000017e-02
5.088000000000000161e-02 2.861999999999999961e-02 5.088000000000000161e-02 2.861999999999999961e-02 5.088000000000000161e-02 2.861999999999999961e-02 5.088000000000000161e-02 2.861999999999999961e-02 5.088000000000000161e-02 2.861999999999999961e-02
5.167500000000000565e-02 2.782499999999999904e-02 5.167500000000000565e-02 2.782499999999999904e-02 5.167500000000000565e-02 2.782499999999999904e-02 5.167500000000000565e-02 2.782499999999999904e-02 5.167500000000000565e-02 2.782499999999999904e-02
5.247000000000000275e-02 2.702999999999999847e-02 5.247000000000000275e-02 2.702999999999999847e-02 5.247000000000000275e-02 2.702999999999999847e-02 5.247000000000000275e-02 2.702999999999999847e-02 5.247000000000000275e-02 2.702999999999999847e-02
5.326500000000000679e-02 2.623499999999999791e-02 5.326500000000000679e-02 2.623499999999999791e-02 5.326500000000000679e-02 2.623499999999999791e-02 5.326500000000000679e-02 2.623499999999999791e-02 5.326500000000000679e-02 2.623499999999999791e-02
5.406000000000000388e-02 2.543999999999999734e-02 5.406000000000000388e-02 2.543999999999999734e-02 5.406000000000000388e-02 2.543999999999999734e-02 5.406000000000000388e-02 2.543999999999999734e-02 5.406000000000000388e-02 2.543999999999999734e-02
5.485500000000000792e-02 2.464499999999999677e-02 5.485500000000000792e-02 2.464499999999999677e-02 5.485500000000000792e-02 2.464499999999999677e-02 5.485500000000000792e-02 2.464499999999999677e-02 5.485500000000000792e-02 2.464499999999999677e-02
5.565000000000000502e-02 2.384999999999999620e-02 5.565000000000000502e-02 2.384999999999999620e-02 5.565000000000000502e-02 2.384999999999999620e-02 5.565000000000000502e-02 2.384999999999999620e-02 5.565000000000000502e-02 2.384999999999999620e-02
5.644499999999999518e-02 2.305500000000000257e-02 5.644499999999999518e-02 2.305500000000000257e-02 5.644499999999999518e-02 2.305500000000000257e-02 5.644499999999999518e-02 2.305500000000000257e-02 5.644499999999999518e-02 2.305500000000000257e-02
5.723999999999999921e-02 2.226000000000000201e-02 5.723999999999999921e-02 2.226000000000000201e-02 5.723999999999999921e-02 2.226000000000000201e-02 5.723999999999999921e-02 2.226000000000000201e-02 5.723999999999999921e-02 2.226000000000000201e-02
5.803499999999999631e-02 2.146500000000000144e-02 5.803499999999999631e-02 2.146500000000000144e-02 5.803499999999999631e-02 2.146500000000000144e-02 5.803499999999999631e-02 2.146500000000000144e-02 5.803499999999999631e-02 2.146500000000000144e-02
5.883000000000000035e-02 2.067000000000000087e-02 5.883000000000000035e-02 2.067000000000000087e-02 5.883000000000000035e-02 2.067000000000000087e-02 5.883000000000000035e-02 2.067000000000000087e-02 5.883000000000000035e-02 2.067000000000000087e-02
5.962499999999999745e-02 1.987500000000000031e-02 5.962499999999999745e-02 1.987500000000000031e-02 5.962499999999999745e-02 1.987500000000000031e-02 5.962499999999999745e-02 1.987500000000000031e-02 5.962499999999999745e-02 1.987500000000000031e-02
6.042000000000000148e-02 1.907999999999999974e-02 6.042000000000000148e-02 1.907999999999999974e-02 6.042000000000000148e-02 1.907999999999999974e-02 6.042000000000000148e-02 1.907999999999999974e-02 6.042000000000000148e-02 1.907999999999999974e-02
6.121500000000000552e-02 1.828499999999999917e-02 6.121500000000000552e-02 1.828499999999999917e-02 6.121500000000000552e-02 1.828499999999999917e-02 6.121500000000000552e-02 1.828499999999999917e-02 6.121500000000000552e-02 1.828499999999999917e-02
6.201000000000000262e-02 1.748999999999999860e-02 6.201000000000000262e-02 1.748999999999999860e-02 6.201000000000000262e-02 1.748999999999999860e-02 6.201000000000000262e-02 1.748999999999999860e-02 6.201000000000000262e-02 1.748999999999999860e-02
6.280499999999999972e-02 1.669499999999999804e-02 6.280499999999999972e-02 1.669499999999999804e-02 6.280499999999999972e-02 1.669499999999999804e-02 6.280499999999999972e-02 1.669499999999999804e-02 6.280499999999999972e-02 1.669499999999999804e-02
6.360000000000000375e-02 1.589999999999999747e-02 6.360000000000000375e-02 1.589999999999999747e-02 6.360000000000000375e-02 1.589999999999999747e-02 6.360000000000000375e-02 1.589999999999999747e-02 6.360000000000000375e-02 1.589999999999999747e-02
6.439500000000000779e-02 1.510499999999999517e-02 6.439500000000000779e-02 1.510499999999999517e-02 6.439500000000000779e-02 1.510499999999999517e-02 6.439500000000000779e-02 1.510499999999999517e-02 6.439500000000000779e-02 1.510499999999999517e-02
6.519000000000001183e-02 1.430999999999999460e-02 6.519000000000001183e-02 1.430999999999999460e-02 6.519000000000001183e-02 1.430999999999999460e-02 6.519000000000001183e-02 1.430999999999999460e-02 6.519000000000001183e-02 1.430999999999999460e-02
6.598500000000000199e-02 1.351499999999999403e-02 6.598500000000000199e-02 1.351499999999999403e-02 6.598500000000000199e-02 1.351499999999999403e-02 6.598500000000000199e-02 1.351499999999999403e-02 6.598500000000000199e-02 1.351499999999999403e-02
6.677999999999999214e-02 1.272000000000000214e-02 6.677999999999999214e-02 1.272000000000000214e-02 6.677999999999999214e-02 1.272000000000000214e-02 6.677999999999999214e-02 1.272000000000000214e-02 6.677999999999999214e-02 1.272000000000000214e-02
6.757499999999999618e-02 1.192500000000000157e-02 6.757499999999999618e-02 1.192500000000000157e-02 6.757499999999999618e-02 1.192500000000000157e-02 6.757499999999999618e-02 1.192500000000000157e-02 6.757499999999999618e-02 1.192500000000000157e-02
6.837000000000000022e-02 1.113000000000000100e-02 6.837000000000000022e-02 1.113000000000000100e-02 6.837000000000000022e-02 1.113000000000000100e-02 6.837000000000000022e-02 1.113000000000000100e-02 6.837000000000000022e-02 1.113000000000000100e-02
6.916500000000000425e-02 1.033500000000000044e-02 6.916500000000000425e-02 1.033500000000000044e-02 6.916500000000000425e-02 1.033500000000000044e-02 6.916500000000000425e-02 1.033500000000000044e-02 6.916500000000000425e-02 1.033500000000000044e-02
6.996000000000000829e-02 9.539999999999999869e-03 6.996000000000000829e-02 9.539999999999999869e-03 6.996000000000000829e-02 9.539999999999999869e-03 6.996000000000000829e-02 9.539999999999999869e-03 6.996000000000000829e-02 9.539999999999999869e-03
7.075499999999999845e-02 8.744999999999999302e-03 7.075499999999999845e-02 8.744999999999999302e-03 7.075499999999999845e-02 8.744999999999999302e-03 7.075499999999999845e-02 8.744999999999999302e-03 7.075499999999999845e-02 8.744999999999999302e-03
7.155000000000000249e-02 7.949999999999998734e-03 7.155000000000000249e-02 7.949999999999998734e-03 7.155000000000000249e-02 7.949999999999998734e-03 7.155000000000000249e-02 7.949999999999998734e-03 7.155000000000000249e-02 7.949999999999998734e-03
7.234500000000000652e-02 7.154999999999997300e-03 7.234500000000000652e-02 7.154999999999997300e-03 7.234500000000000652e-02 7.154999999999997300e-03 7.234500000000000652e-02 7.154999999999997300e-03 7.234500000000000652e-02 7.154999999999997300e-03
7.314000000000001056e-02 6.359999999999996732e-03 7.314000000000001056e-02 6.359999999999996732e-03 7.314000000000001056e-02 6.359999999999996732e-03 7.314000000000001056e-02 6.359999999999996732e-03 7.314000000000001056e-02 6.359999999999996732e-03
7.393500000000000072e-02 5.564999999999996165e-03 7.393500000000000072e-02 5.564999999999996165e-03 7.393500000000000072e-02 5.564999999999996165e-03 7.393500000000000072e-02 5.564999999999996165e-03 7.393500000000000072e-02 5.564999999999996165e-03
7.473000000000000476e-02 4.769999999999995598e-03 7.473000000000000476e-02 4.769999999999995598e-03 7.473000000000000476e-02 4.769999999999995598e-03 7.473000000000000476e-02 4.769999999999995598e-03 7.473000000000000476e-02 4.769999999999995598e-03
7.552500000000000879e-02 3.974999999999995030e-03 7.552500000000000879e-02 3.974999999999995030e-03 7.552500000000000879e-02 3.974999999999995030e-03 7.552500000000000879e-02 3.974999999999995030e-03 7.552500000000000879e-02 3.974999999999995030e-03
7.631999999999999895e-02 3.180000000000002703e-03 7.631999999999999895e-02 3.180000000000002703e-03 7.631999999999999895e-02 3.180000000000002703e-03 7.631999999999999895e-02 3.180000000000002703e-03 7.631999999999999895e-02 3.180000000000002703e-03
7.711500000000000299e-02 2.385000000000002136e-03 7.711500000000000299e-02 2.385000000000002136e-03 7.711500000000000299e-02 2.385000000000002136e-03 7.711500000000000299e-02 2.385000000000002136e-03 7.711500000000000299e-02 2.385000000000002136e-03
7.790999999999999315e-02 1.590000000000001351e-03 7.790999999999999315e-02 1.590000000000001351e-03 7.790999999999999315e-02 1.590000000000001351e-03 7.790999999999999315e-02 1.590000000000001351e-03 7.790999999999999315e-02 1.590000000000001351e-03
7.870499999999999718e-02 7.950000000000006757e-04 7.870499999999999718e-02 7.950000000000006757e-04 7.870499999999999718e-02 7.950000000000006757e-04 7.870499999999999718e-02 7.950000000000006757e-04 7.870499999999999718e-02 7.950000000000006757e-04
7.950000000000000122e-02 0.000000000000000000e+00 7.950000000000000122e-02 0.000000000000000000e+00 7.950000000000000122e-02 0.000000000000000000e+00 7.950000000000000122e-02 0.000000000000000000e+00 7.950000000000000122e-02 0.000000000000000000e+00
